,season,matchweek,hometeam,awayteam,hatproba_away,hatproba_draw,hatproba_home
0,14,2,aston_villa,newcastle,0.5387370147519378,0.23627209221374101,0.2249908930343211
1,14,2,chelsea,leicester,0.03501112108156729,0.10946996923442644,0.8555189096840062
2,14,2,crystal_palace,west_ham,0.347056631366308,0.31666681568538535,0.3362765529483066
3,14,2,everton,arsenal,0.41451885915959613,0.26254085401636246,0.3229402868240415
4,14,2,southampton,west_brom,0.3742833364237406,0.2114797247142932,0.4142369388619662
5,14,2,swansea,burnley,0.17888090652039437,0.24525377363145567,0.5758653198481499
6,14,2,hull,stoke,0.40478997330641736,0.3196760394246234,0.27553398726895917
7,14,2,sunderland,man_united,0.4504800499566038,0.22867154770392442,0.32084840233947176
8,14,2,tottenham,queens_rangers,0.19547474680803487,0.3151484084065473,0.4893768447854177
9,14,2,man_city,liverpool,0.262509121178726,0.3303454514057079,0.40714542741556603
10,14,3,burnley,man_united,0.3707972290577164,0.2358190794199192,0.39338369152236435
11,14,3,everton,chelsea,0.44974887185845064,0.2419975681263411,0.3082535600152083
12,14,3,man_city,stoke,0.11419010299900159,0.23101905852253415,0.6547908384784642
13,14,3,newcastle,crystal_palace,0.21839186726000562,0.24888273114353543,0.532725401596459
14,14,3,queens_rangers,sunderland,0.3160850324160925,0.2749074114029599,0.40900755618094764
15,14,3,swansea,west_brom,0.2875668263907548,0.24177587024333286,0.4706573033659122
16,14,3,west_ham,southampton,0.3748197161357782,0.31973065767137043,0.3054496261928513
17,14,3,aston_villa,hull,0.35665786739925576,0.24675169019090415,0.3965904424098401
18,14,3,leicester,arsenal,0.47247054397582744,0.27758138696206214,0.24994806906211056
19,14,3,tottenham,liverpool,0.37642321022759684,0.2857502387859471,0.3378265509864561
20,14,4,arsenal,man_city,0.38626685608407163,0.2736111466786064,0.3401219972373219
21,14,4,chelsea,swansea,0.130990726169508,0.32356160956826596,0.545447664262226
22,14,4,crystal_palace,burnley,0.15002733481068262,0.1915346635018629,0.6584380016874546
23,14,4,liverpool,aston_villa,0.21741612718572026,0.33655084730994667,0.4460330255043331
24,14,4,southampton,newcastle,0.3970412868873335,0.28542648069030346,0.3175322324223631
25,14,4,stoke,leicester,0.1947064238537552,0.15416959659977997,0.6511239795464648
26,14,4,sunderland,tottenham,0.49982586830229137,0.1803403227864931,0.31983380891121543
27,14,4,west_brom,everton,0.36180721187913556,0.2268973880905744,0.4112954000302901
28,14,4,man_united,queens_rangers,0.14756212478500877,0.2986116720519498,0.5538262031630414
29,14,4,hull,west_ham,0.3755650486059373,0.27205365723017816,0.35238129416388453
30,14,5,aston_villa,arsenal,0.5231600784661772,0.26175333615333746,0.2150865853804853
31,14,5,burnley,sunderland,0.3682722369975107,0.2509979272933475,0.3807298357091417
32,14,5,newcastle,hull,0.22549569069888908,0.2868386695394389,0.4876656397616721
33,14,5,queens_rangers,stoke,0.27306980314946927,0.3130007694827532,0.4139294273677775
34,14,5,swansea,southampton,0.4014801725558711,0.29271000483210247,0.3058098226120264
35,14,5,west_ham,liverpool,0.48400682667447514,0.2701678436417053,0.24582532968381948
36,14,5,everton,crystal_palace,0.26758644655544395,0.20448208497941764,0.5279314684651385
37,14,5,leicester,man_united,0.6019105327355789,0.25915610148184903,0.13893336578257198
38,14,5,man_city,chelsea,0.3618635109907039,0.37819036857105653,0.2599461204382396
39,14,5,tottenham,west_brom,0.16884208527512784,0.19709833227516987,0.6340595824497023
40,14,6,arsenal,tottenham,0.3279177965325882,0.18789085579334533,0.4841913476740666
41,14,6,chelsea,aston_villa,0.13087380581792551,0.294817086257835,0.5743091079242395
42,14,6,crystal_palace,leicester,0.25311900603534654,0.34483188929705283,0.40204910466760074
43,14,6,hull,man_city,0.5062665789804593,0.25454164604186214,0.23919177497767857
44,14,6,liverpool,everton,0.28535171902522216,0.3241447078987048,0.390503573076073
45,14,6,man_united,west_ham,0.3211074163079299,0.2704078968483284,0.4084846868437417
46,14,6,southampton,queens_rangers,0.23160728619864743,0.2605619928317442,0.5078307209696084
47,14,6,sunderland,swansea,0.43377002494027495,0.265609139615436,0.300620835444289
48,14,6,west_brom,burnley,0.1768788169919158,0.22230482479247965,0.6008163582156045
49,14,6,stoke,newcastle,0.37895153735085546,0.3109025650626275,0.31014589758651706
50,14,7,aston_villa,man_city,0.4439834718403978,0.23072408919144133,0.3252924389681609
51,14,7,hull,crystal_palace,0.3109231692242579,0.2896079967497146,0.39946883402602745
52,14,7,leicester,burnley,0.18899522136510932,0.2026964707789797,0.608308307855911
53,14,7,liverpool,west_brom,0.19381391299357836,0.25340314224884647,0.5527829447575752
54,14,7,sunderland,stoke,0.33508537133987887,0.2642914637435731,0.400623164916548
55,14,7,swansea,newcastle,0.365277798469471,0.26702734537982026,0.36769485615070874
56,14,7,chelsea,arsenal,0.18939860043545897,0.2399298355177947,0.5706715640467463
57,14,7,man_united,everton,0.30423037235144945,0.345411102070555,0.3503585255779956
58,14,7,tottenham,southampton,0.4105574655521767,0.25905011194234284,0.3303924225054805
59,14,7,west_ham,queens_rangers,0.3031255847863924,0.2975905231499251,0.3992838920636825
60,14,8,arsenal,hull,0.19697780475667373,0.2623288274638593,0.540693367779467
61,14,8,burnley,west_ham,0.35124707816289913,0.33504386787650575,0.31370905396059523
62,14,8,crystal_palace,chelsea,0.5572730368165784,0.22992688121878574,0.21280008196463604
63,14,8,everton,aston_villa,0.3609898952659087,0.3056396382299051,0.3333704665041862
64,14,8,man_city,tottenham,0.2272469844470775,0.29656997568516097,0.47618303986776167
65,14,8,newcastle,leicester,0.20295538539047278,0.26919642787632747,0.5278481867331998
66,14,8,southampton,sunderland,0.2509406463327739,0.24203979303699621,0.5070195606302298
67,14,8,queens_rangers,liverpool,0.41066254734799496,0.2867225123713149,0.3026149402806902
68,14,8,stoke,swansea,0.40697606320908214,0.2949610628208119,0.29806287397010583
69,14,8,west_brom,man_united,0.5504865580276126,0.23320118276590207,0.21631225920648525
70,14,9,liverpool,hull,0.20771294791906209,0.24208758542040132,0.5501994666605367
71,14,9,southampton,stoke,0.30784145949074937,0.298859138387233,0.3932994021220176
72,14,9,sunderland,arsenal,0.40799946817342647,0.3042617903910419,0.2877387414355317
73,14,9,swansea,leicester,0.17374392976392877,0.1801789078943175,0.6460771623417537
74,14,9,west_brom,crystal_palace,0.2991963043202245,0.26908502852934346,0.43171866715043206
75,14,9,west_ham,man_city,0.5372013112138284,0.22714427108240423,0.23565441770376735
76,14,9,burnley,everton,0.2942535200738258,0.20100394645192488,0.5047425334742494
77,14,9,man_united,chelsea,0.387334471207256,0.19547631398672127,0.4171892148060227
78,14,9,tottenham,newcastle,0.254391710306614,0.2670814796859118,0.47852681000747427
79,14,9,queens_rangers,aston_villa,0.36542125622479144,0.3050323951556027,0.3295463486196059
80,14,10,arsenal,burnley,0.05562383702267071,0.09311287584423628,0.8512632871330931
81,14,10,chelsea,queens_rangers,0.08836200141597016,0.16063688080366095,0.751001117780369
82,14,10,everton,swansea,0.32893560770645797,0.28441146557982294,0.38665292671371904
83,14,10,hull,southampton,0.4062994024379788,0.24569629645894114,0.34800430110308006
84,14,10,leicester,west_brom,0.3594570839340115,0.2969371497090504,0.343605766356938
85,14,10,newcastle,liverpool,0.47925764202433097,0.22121786534026733,0.2995244926354018
86,14,10,stoke,west_ham,0.2727765740162045,0.26027873873858265,0.4669446872452128
87,14,10,aston_villa,tottenham,0.4553511695434752,0.22908799803029112,0.31556083242623373
88,14,10,man_city,man_united,0.4234811587532804,0.28867830543311973,0.28784053581359986
89,14,10,crystal_palace,sunderland,0.3257068563747464,0.2747439381490136,0.39954920547624007
90,14,11,burnley,hull,0.30355159167209694,0.2316135418151142,0.4648348665127887
91,14,11,liverpool,chelsea,0.4435774648648962,0.20123107214126698,0.3551914629938368
92,14,11,man_united,crystal_palace,0.14543432032364423,0.19157859057140567,0.6629870891049501
93,14,11,queens_rangers,man_city,0.4558324999435535,0.28050572521719574,0.26366177483925063
94,14,11,southampton,leicester,0.09222960776760576,0.15581581439712217,0.7519545778352721
95,14,11,west_ham,aston_villa,0.3659489566722331,0.27160255799481303,0.36244848533295393
96,14,11,sunderland,everton,0.414666915786304,0.24905202695636364,0.33628105725733237
97,14,11,swansea,arsenal,0.48042598393155955,0.2547252150131233,0.26484880105531705
98,14,11,tottenham,stoke,0.2158355183297269,0.29095498154918015,0.493209500121093
99,14,11,west_brom,newcastle,0.37892488269140917,0.2560753359076621,0.3649997814009288
100,14,12,arsenal,man_united,0.1962884153292107,0.21732923823756303,0.5863823464332262
101,14,12,chelsea,west_brom,0.09045323079305588,0.18343240841009012,0.7261143607968539
102,14,12,everton,west_ham,0.29611052806200994,0.2532306226608502,0.4506588492771399
103,14,12,leicester,sunderland,0.35703452288746323,0.2528758844593873,0.3900895926531494
104,14,12,man_city,swansea,0.19019362338555248,0.270690748427449,0.5391156281869985
105,14,12,newcastle,queens_rangers,0.19706745053242486,0.20797140232484831,0.5949611471427269
106,14,12,stoke,burnley,0.11117463613042343,0.15611162362187497,0.7327137402477015
107,14,12,crystal_palace,liverpool,0.43790539917454496,0.27222016108005914,0.28987443974539584
108,14,12,hull,tottenham,0.47074756151271974,0.2658730816734997,0.2633793568137805
109,14,12,aston_villa,southampton,0.4365692290873203,0.23282576668341765,0.33060500422926203
110,14,13,burnley,aston_villa,0.3789734369577293,0.24443914840023462,0.37658741464203604
111,14,13,liverpool,stoke,0.22432794375787393,0.31020389183626884,0.4654681644058571
112,14,13,man_united,hull,0.47256996685000874,0.26836463592177834,0.25906539722821287
113,14,13,queens_rangers,leicester,0.18110687477139453,0.2500503920258417,0.5688427332027638
114,14,13,sunderland,chelsea,0.5539295876193732,0.21365728380386367,0.23241312857676308
115,14,13,swansea,crystal_palace,0.3115210078043547,0.2324355111134569,0.4560434810821883
116,14,13,west_brom,arsenal,0.41310500743127515,0.2746110898896424,0.3122839026790824
117,14,13,west_ham,newcastle,0.353466932710045,0.24595771693048749,0.4005753503594674
118,14,13,southampton,man_city,0.4212602514886232,0.1705752368724505,0.40816451163892636
119,14,13,tottenham,everton,0.3874074856017996,0.30950356961246267,0.3030889447857377
120,14,14,burnley,newcastle,0.41608049813091846,0.2706947613250308,0.3132247405440507
121,14,14,crystal_palace,aston_villa,0.418973491569498,0.27323413732130086,0.30779237110920116
122,14,14,leicester,liverpool,0.4384859844590251,0.28268266185781654,0.27883135368315837
123,14,14,man_united,stoke,0.39583989482391696,0.3127953807380415,0.2913647244380417
124,14,14,swansea,queens_rangers,0.20983947277924897,0.22141635004427948,0.5687441771764715
125,14,14,west_brom,west_ham,0.34499873005550413,0.29394467781576794,0.36105659212872804
126,14,14,arsenal,southampton,0.24971167279248965,0.274080582619213,0.47620774458829723
127,14,14,chelsea,tottenham,0.16689546181317091,0.23396716712950055,0.5991373710573286
128,14,14,everton,hull,0.26160774636427614,0.24657727439796828,0.49181497923775563
129,14,14,sunderland,man_city,0.45509314101683457,0.2791461633205416,0.26576069566262384
130,14,15,hull,west_brom,0.29636871442092844,0.3114856445578146,0.39214564102125693
131,14,15,liverpool,sunderland,0.18235454871753462,0.21003176731674333,0.6076136839657221
132,14,15,man_city,everton,0.2179320162162726,0.3112043383583589,0.47086364542536846
133,14,15,newcastle,chelsea,0.518049257004913,0.15910877996565784,0.3228419630294291
134,14,15,queens_rangers,burnley,0.23872088920985862,0.19945994486748642,0.561819165922655
135,14,15,stoke,arsenal,0.48203218627840416,0.26128674104965666,0.25668107267193907
136,14,15,tottenham,crystal_palace,0.2065181496140529,0.2051260448834156,0.5883558055025314
137,14,15,aston_villa,leicester,0.10684595090740615,0.20512951331300497,0.6880245357795889
138,14,15,west_ham,swansea,0.44133787666432656,0.289243811957515,0.26941831137815847
139,14,15,southampton,man_united,0.4161867057599404,0.2663503039613958,0.3174629902786638
140,14,16,arsenal,newcastle,0.20853386900588083,0.2543254962999849,0.5371406346941343
141,14,16,burnley,southampton,0.4834535990592095,0.25767733039829116,0.25886907054249936
142,14,16,chelsea,hull,0.06358823362528217,0.10898996452405783,0.8274218018506599
143,14,16,crystal_palace,stoke,0.42509788576901086,0.27885490722881384,0.2960472070021752
144,14,16,leicester,man_city,0.483330610354737,0.2488416893570847,0.2678277002881782
145,14,16,sunderland,west_ham,0.3726470971731398,0.28683004275773955,0.3405228600691206
146,14,16,west_brom,aston_villa,0.417437919330159,0.25569809083570433,0.3268639898341367
147,14,16,man_united,liverpool,0.4639269182150567,0.30134736476312174,0.2347257170218215
148,14,16,swansea,tottenham,0.4988640383886015,0.20757159850296783,0.29356436310843065
149,14,16,everton,queens_rangers,0.24418484716509212,0.22038818517794748,0.5354269676569604
150,14,17,aston_villa,man_united,0.5011204774003384,0.22646923295581475,0.27241028964384684
151,14,17,hull,swansea,0.40822003158092546,0.2553038072601415,0.3364761611589331
152,14,17,man_city,crystal_palace,0.10511310725784219,0.1728739916001965,0.7220129011419614
153,14,17,queens_rangers,west_brom,0.2580983078864192,0.32956395054706816,0.4123377415665127
154,14,17,southampton,everton,0.4276241738350138,0.25799119418039956,0.3143846319845866
155,14,17,tottenham,burnley,0.12026717073120913,0.1743802306428778,0.705352598625913
156,14,17,west_ham,leicester,0.15047835554973862,0.17361608632589715,0.6759055581243644
157,14,17,liverpool,arsenal,0.36526070212643663,0.29015936948389837,0.34457992838966506
158,14,17,newcastle,sunderland,0.26400255287214747,0.2534408544353915,0.48255659269246115
159,14,17,stoke,chelsea,0.5178597739428187,0.21664548209487414,0.26549474396230716
160,14,18,arsenal,queens_rangers,0.16029488431496888,0.20051777878378543,0.6391873369012457
161,14,18,burnley,liverpool,0.4739719777566183,0.2766507559595494,0.2493772662838322
162,14,18,chelsea,west_ham,0.09156654650192202,0.20936088859902746,0.6990725648990505
163,14,18,crystal_palace,southampton,0.3655342559759123,0.20784050373063498,0.42662524029345267
164,14,18,everton,stoke,0.27656321147972796,0.28364731886376315,0.4397894696565089
165,14,18,leicester,tottenham,0.47203411263650413,0.28429823299267876,0.2436676543708171
166,14,18,man_united,newcastle,0.3855615283933539,0.3425813296692422,0.2718571419374039
167,14,18,sunderland,hull,0.31786786898084457,0.23061544624829877,0.45151668477085666
168,14,18,swansea,aston_villa,0.40506313451019504,0.28870220147668546,0.30623466401311944
169,14,18,west_brom,man_city,0.38521704254680617,0.24512826750439398,0.36965468994879985
170,14,19,aston_villa,sunderland,0.25444323396030694,0.2640101495166137,0.48154661652307934
171,14,19,hull,leicester,0.1311540644335961,0.258054264025309,0.6107916715410949
172,14,19,man_city,burnley,0.04508711309051192,0.0827285825367895,0.8721843043726986
173,14,19,newcastle,everton,0.4768673483764376,0.2383264205947222,0.2848062310288402
174,14,19,queens_rangers,crystal_palace,0.30835149479457424,0.33228304564273353,0.35936545956269217
175,14,19,southampton,chelsea,0.421023494222119,0.142013670829748,0.43696283494813304
176,14,19,stoke,west_brom,0.2633468286162651,0.2577173688242006,0.4789358025595342
177,14,19,tottenham,man_united,0.3638095929120685,0.26037867814029536,0.3758117289476361
178,14,19,west_ham,arsenal,0.4369112719984518,0.26398032367850593,0.29910840432304237
179,14,19,liverpool,swansea,0.3363089489160919,0.3141588967157708,0.3495321543681373
180,14,20,aston_villa,crystal_palace,0.26412109356948876,0.2630107675240996,0.47286813890641166
181,14,20,hull,everton,0.43206356099383936,0.2635349146146738,0.3044015243914869
182,14,20,liverpool,leicester,0.11939489882981415,0.1494878659015452,0.7311172352686407
183,14,20,man_city,sunderland,0.10615670219733664,0.19921834761128515,0.6946249501913782
184,14,20,newcastle,burnley,0.1372974326438431,0.19316319840705762,0.6695393689490993
185,14,20,queens_rangers,swansea,0.42993642479517824,0.2487151209854605,0.32134845421936115
186,14,20,southampton,arsenal,0.40019568219981494,0.20649948171832233,0.39330483608186273
187,14,20,stoke,man_united,0.4797367307112683,0.2284541068813534,0.29180916240737836
188,14,20,tottenham,chelsea,0.4251142554397328,0.13429682920784936,0.44058891535241784
189,14,20,west_ham,west_brom,0.2546311471591522,0.2516684360896275,0.4937004167512202
190,14,21,burnley,queens_rangers,0.19501680706846863,0.2208360688923919,0.5841471240391395
191,14,21,chelsea,newcastle,0.09581484254673314,0.19872655573501688,0.70545860171825
192,14,21,crystal_palace,tottenham,0.5057131045804986,0.2577292624306718,0.2365576329888296
193,14,21,everton,man_city,0.541529152493757,0.19258476011319675,0.2658860873930463
194,14,21,leicester,aston_villa,0.40117245675329527,0.26200965831402784,0.336817884932677
195,14,21,sunderland,liverpool,0.4215362022709378,0.2891746707483848,0.2892891269806773
196,14,21,swansea,west_ham,0.3962828665864397,0.30849117898085704,0.29522595443270333
197,14,21,west_brom,hull,0.3412204911628878,0.2629607168094112,0.3958187920277009
198,14,21,arsenal,stoke,0.1764864659653618,0.24890715907521316,0.574606374959425
199,14,21,man_united,southampton,0.22988965593951227,0.3636058447797787,0.4065044992807091
200,14,22,aston_villa,liverpool,0.5303855569588221,0.17858185206540528,0.2910325909757726
201,14,22,burnley,crystal_palace,0.30976385413579166,0.2612790688676253,0.42895707699658303
202,14,22,leicester,stoke,0.392647254535598,0.24177143876338522,0.3655813067010167
203,14,22,newcastle,southampton,0.4166279990629986,0.24972654299508257,0.3336454579419189
204,14,22,queens_rangers,man_united,0.4305819939083188,0.2896755584241084,0.2797424476675726
205,14,22,swansea,chelsea,0.5106738358117943,0.21539266587326486,0.27393349831494096
206,14,22,tottenham,sunderland,0.1692315477341018,0.1974682020907399,0.6333002501751582
207,14,22,man_city,arsenal,0.2212922047213483,0.3532336870590922,0.42547410821955944
208,14,22,west_ham,hull,0.3236889462276361,0.26506232797969276,0.41124872579267113
209,14,22,everton,west_brom,0.15608796742048353,0.2656308281351381,0.5782812044443784
210,14,23,chelsea,man_city,0.30944917072200956,0.2830306201358103,0.40752020914218023
211,14,23,crystal_palace,everton,0.46797017998513474,0.22360341722556967,0.3084264027892957
212,14,23,hull,newcastle,0.4117503013382678,0.28287655860986055,0.30537314005187166
213,14,23,liverpool,west_ham,0.2151958357998335,0.2455760561514951,0.5392281080486714
214,14,23,man_united,leicester,0.0934503605936127,0.1261838691057139,0.7803657703006734
215,14,23,stoke,queens_rangers,0.17342262395612634,0.224306532245484,0.6022708437983897
216,14,23,sunderland,burnley,0.22519285199020003,0.19831805474619385,0.5764890932636061
217,14,23,west_brom,tottenham,0.4026022567931415,0.2704213154876926,0.32697642771916585
218,14,23,arsenal,aston_villa,0.19835472449607167,0.2547101768732984,0.54693509863063
219,14,23,southampton,swansea,0.37251773047342945,0.29877292949967466,0.32870934002689595
220,14,24,aston_villa,chelsea,0.505025293139692,0.1712461529608205,0.3237285538994875
221,14,24,everton,liverpool,0.44432443381263037,0.16434746266641054,0.39132810352095904
222,14,24,leicester,crystal_palace,0.36914304536671944,0.2752736550072852,0.35558329962599533
223,14,24,man_city,hull,0.07020702533564455,0.12468346921725129,0.8051095054471041
224,14,24,queens_rangers,southampton,0.39128441991840096,0.27833143799762283,0.3303841420839762
225,14,24,swansea,sunderland,0.26042563827447174,0.261825663981506,0.47774869774402234
226,14,24,tottenham,arsenal,0.4479093650061879,0.18315833849872729,0.36893229649508474
227,14,24,burnley,west_brom,0.32455948856461136,0.23669203429796967,0.438748477137419
228,14,24,newcastle,stoke,0.3620160843389493,0.28027253250409523,0.35771138315695555
229,14,24,west_ham,man_united,0.5530441929026629,0.21841326207774375,0.22854254501959334
230,14,25,arsenal,leicester,0.06922884394994554,0.09784907594784223,0.8329220801022122
231,14,25,hull,aston_villa,0.4559613582925341,0.2441250799069286,0.2999135618005373
232,14,25,liverpool,tottenham,0.41713150392790244,0.2166240200299252,0.36624447604217236
233,14,25,sunderland,queens_rangers,0.20411792533804649,0.2281528394514532,0.5677292352105003
234,14,25,chelsea,everton,0.20879463722642586,0.28209933810331916,0.509106024670255
235,14,25,crystal_palace,newcastle,0.37276928269999254,0.23830087392073598,0.38892984337927144
236,14,25,man_united,burnley,0.11563868868291854,0.15489143320354193,0.7294698781135397
237,14,25,southampton,west_ham,0.38319615347173824,0.25922449840372425,0.35757934812453757
238,14,25,stoke,man_city,0.489262871802665,0.23174927081799276,0.2789878573793423
239,14,25,west_brom,swansea,0.4138854298676562,0.28571199531075586,0.30040257482158783
240,14,26,aston_villa,stoke,0.4075750735361205,0.2411956517394608,0.3512292747244188
241,14,26,chelsea,burnley,0.05903304279867026,0.13321846630579265,0.8077484908955371
242,14,26,crystal_palace,arsenal,0.4843772173243952,0.2963623108900798,0.21926047178552502
243,14,26,hull,queens_rangers,0.25705017123655804,0.24120745596384985,0.5017423727995921
244,14,26,man_city,newcastle,0.164989482382883,0.26613853371864743,0.5688719838984695
245,14,26,sunderland,west_brom,0.2552330437095414,0.2973345462203014,0.4474324100701571
246,14,26,swansea,man_united,0.5569093862905319,0.18432570095237188,0.25876491275709623
247,14,26,everton,leicester,0.0915348284375529,0.194515028253397,0.71395014330905
248,14,26,southampton,liverpool,0.3830546852981522,0.18864379238541518,0.4283015223164326
249,14,26,tottenham,west_ham,0.2773023459555522,0.3037626537723728,0.4189350002720749
250,14,27,burnley,swansea,0.4581257498602819,0.25746968124494607,0.28440456889477206
251,14,27,man_united,sunderland,0.15864908017572063,0.22029107432753436,0.621059845496745
252,14,27,newcastle,aston_villa,0.34955681824352286,0.2720077644686164,0.37843541728786084
253,14,27,stoke,hull,0.18106379711295703,0.22493807599061139,0.5939981268964316
254,14,27,west_brom,southampton,0.47094266305590354,0.2707655058309343,0.2582918311131623
255,14,27,west_ham,crystal_palace,0.3109750379673389,0.26663694798277227,0.42238801404988885
256,14,27,arsenal,everton,0.45831713656184647,0.26796623668987,0.27371662674828356
257,14,27,liverpool,man_city,0.3090447253314398,0.16355104162918516,0.527404233039375
258,14,27,aston_villa,west_brom,0.20721960108701906,0.29370674865877333,0.4990736502542075
259,14,27,hull,sunderland,0.3093556981899776,0.29539846764181293,0.39524583416820946
260,14,28,southampton,crystal_palace,0.21759249840828448,0.24156674301561376,0.5408407585761017
261,14,28,liverpool,burnley,0.1377043445530675,0.1906988175030151,0.6715968379439173
262,14,28,man_city,leicester,0.03751781785886339,0.07657251944133475,0.885909662699802
263,14,28,newcastle,man_united,0.5683444744841561,0.14548561758511844,0.2861699079307253
264,14,28,queens_rangers,arsenal,0.4611250206699282,0.29995209717077614,0.23892288215929566
265,14,28,stoke,everton,0.4045324700265551,0.2535485797638724,0.3419189502095724
266,14,28,tottenham,swansea,0.2577633877992585,0.30038453190908054,0.441852080291661
267,14,28,west_ham,chelsea,0.4820617331189643,0.18761513185067152,0.33032313503036415
268,14,28,queens_rangers,tottenham,0.41161918003621006,0.28439964600759055,0.3039811739561994
269,14,28,arsenal,west_ham,0.16507878605313223,0.22647829131503647,0.6084429226318313
270,14,29,burnley,man_city,0.5299817947040064,0.22476817853049924,0.24525002676549423
271,14,29,crystal_palace,queens_rangers,0.16390072113540569,0.23288903974131778,0.6032102391232765
272,14,29,leicester,hull,0.20238918916359752,0.3803688036515875,0.417242007184815
273,14,29,sunderland,aston_villa,0.361811818777007,0.26401870573279557,0.3741694754901974
274,14,29,west_brom,stoke,0.37139368040358295,0.2673207260129636,0.36128559358345347
275,14,29,chelsea,southampton,0.10799407172090718,0.22223090951160884,0.669775018767484
276,14,29,everton,newcastle,0.404613416046769,0.25073720263712307,0.34464938131610795
277,14,29,man_united,tottenham,0.42878244882038613,0.22899469187223861,0.34222285930737534
278,14,29,swansea,liverpool,0.5119701912694171,0.22824463343362536,0.2597851752969575
279,14,29,aston_villa,swansea,0.4124674181850051,0.25396379403435837,0.3335687877806366
280,14,30,man_city,west_brom,0.07171922750812988,0.1270250335124015,0.8012557389794687
281,14,30,newcastle,arsenal,0.48157158396638305,0.19735559713473003,0.32107281889888695
282,14,30,southampton,burnley,0.13340484112074902,0.1759251388641947,0.6906700200150562
283,14,30,stoke,crystal_palace,0.33443587988056356,0.2532471258040561,0.41231699431538027
284,14,30,tottenham,leicester,0.10327465609681794,0.13224074764562413,0.7644845962575578
285,14,30,west_ham,sunderland,0.2891619411744858,0.2647423514807799,0.44609570734473425
286,14,30,hull,chelsea,0.5542051285144508,0.20653685358262602,0.23925801790292314
287,14,30,liverpool,man_united,0.3907426072092645,0.16396996229690367,0.44528743049383196
288,14,30,queens_rangers,everton,0.28503143721249247,0.29761926806734684,0.4173492947201607
289,14,30,arsenal,liverpool,0.300099485223606,0.21539706590224322,0.4845034488741508
290,14,31,chelsea,stoke,0.09443286055888972,0.19102585996097407,0.7145412794801361
291,14,31,everton,southampton,0.39692399952172686,0.3063450787195276,0.29673092175874555
292,14,31,leicester,west_ham,0.34067781318142315,0.28709240847758055,0.37222977834099635
293,14,31,man_united,aston_villa,0.24458911516204282,0.2235048217751371,0.5319060630628202
294,14,31,swansea,hull,0.21810809444023754,0.23535116741550807,0.5465407381442543
295,14,31,west_brom,queens_rangers,0.32129517476072983,0.27605359483320024,0.4026512304060699
296,14,31,burnley,tottenham,0.5132655606921198,0.2552793615012705,0.23145507780660976
297,14,31,sunderland,newcastle,0.41061124434192353,0.27468999172966324,0.3146987639284134
298,14,31,crystal_palace,man_city,0.5481645133088888,0.21505286339815335,0.23678262329295774
299,14,31,aston_villa,queens_rangers,0.21768780564060844,0.28074914107441257,0.501563053284979
300,14,32,burnley,arsenal,0.5887158315549631,0.2596091425947941,0.15167502585024284
301,14,32,southampton,hull,0.17513197696591243,0.2147900800414904,0.6100779429925971
302,14,32,sunderland,crystal_palace,0.3070288756656366,0.30405060486444224,0.3889205194699212
303,14,32,swansea,everton,0.4416075324041049,0.2364296611656277,0.32196280643026737
304,14,32,tottenham,aston_villa,0.25766308019391504,0.25784845392862943,0.4844884658774555
305,14,32,west_brom,leicester,0.20938279788281194,0.2169462384271774,0.5736709636900106
306,14,32,west_ham,stoke,0.3596029359178743,0.2953677389327772,0.34502932514934853
307,14,32,man_united,man_city,0.30880640000291837,0.2599986519692777,0.43119494802780384
308,14,32,queens_rangers,chelsea,0.4888124790616547,0.2417737841025561,0.2694137368357892
309,14,32,liverpool,newcastle,0.20230941845341677,0.28546002108319235,0.5122305604633909
310,14,33,chelsea,man_united,0.180613434582432,0.27073616730682076,0.5486503981107472
311,14,33,crystal_palace,west_brom,0.22246366284035937,0.25280545876166816,0.5247308783979725
312,14,33,everton,burnley,0.15396123109117624,0.1708872346201645,0.6751515342886593
313,14,33,leicester,swansea,0.4123637481776715,0.22085595325606264,0.36678029856626576
314,14,33,stoke,southampton,0.4265896747844358,0.2693030944541437,0.30410723076142043
315,14,33,man_city,west_ham,0.14320530937414624,0.2073512218137596,0.6494434688120941
316,14,33,newcastle,tottenham,0.5233697681599954,0.1601709642959059,0.3164592675440988
317,14,33,burnley,leicester,0.1524428162913318,0.2825444780210757,0.5650127056875925
318,14,33,crystal_palace,hull,0.18566946510812518,0.26675742659882046,0.5475731082930544
319,14,33,man_city,aston_villa,0.1521338032664367,0.22149513939030466,0.6263710573432586
320,14,34,newcastle,swansea,0.3808540569477561,0.2891224130960235,0.33002352995622036
321,14,34,queens_rangers,west_ham,0.25321837070289965,0.35421269741586736,0.392568931881233
322,14,34,southampton,tottenham,0.39717200508776096,0.16635805632272763,0.43646993858951155
323,14,34,stoke,sunderland,0.22255148091048804,0.2338693303334671,0.5435791887560448
324,14,34,west_brom,liverpool,0.45527467857302534,0.2832855725343945,0.26143974889258004
325,14,34,arsenal,chelsea,0.3378931691457583,0.22800227311528784,0.43410455773895396
326,14,34,everton,man_united,0.3671136999908717,0.2692171983623136,0.3636691016468146
327,14,34,hull,liverpool,0.4662790556296355,0.3036239291666541,0.23009701520371034
328,14,34,leicester,chelsea,0.5527661102656504,0.24866952053667538,0.19856436919767423
329,14,34,aston_villa,everton,0.4853443683227545,0.19802577277594902,0.3166298589012966
330,14,35,leicester,newcastle,0.36878547603108386,0.2591909785764855,0.3720235453924307
331,14,35,liverpool,queens_rangers,0.09534016399216184,0.1383414621674967,0.7663183738403414
332,14,35,man_united,west_brom,0.16138295531327018,0.23668046603873244,0.6019365786479974
333,14,35,sunderland,southampton,0.45654692655802537,0.2546044409320731,0.2888486325099015
334,14,35,swansea,stoke,0.3849897124776157,0.3094961698960123,0.30551411762637204
335,14,35,west_ham,burnley,0.16268075061848425,0.22294467666866002,0.6143745727128557
336,14,35,chelsea,crystal_palace,0.06275933976228626,0.13441746733968318,0.8028231928980306
337,14,35,tottenham,man_city,0.3165008764487427,0.1547416861821918,0.5287574373690654
338,14,35,hull,arsenal,0.5245952488269134,0.26206802811785823,0.21333672305522833
339,14,35,aston_villa,west_ham,0.4053722652654952,0.24846828500924875,0.346159449725256
340,14,36,crystal_palace,man_united,0.5011984408868813,0.2702046836800556,0.2285968754330632
341,14,36,everton,sunderland,0.23936218317556693,0.312162632081142,0.44847518474329107
342,14,36,hull,burnley,0.2154058557751571,0.2734769247705418,0.5111172194543011
343,14,36,leicester,southampton,0.3905410598633767,0.30113587534588765,0.3083230647907357
344,14,36,newcastle,west_brom,0.17871948384320258,0.23496854873163003,0.5863119674251673
345,14,36,stoke,tottenham,0.46019524906195636,0.19571577005388144,0.34408898088416223
346,14,36,chelsea,liverpool,0.19878853332236598,0.28638790826723004,0.514823558410404
347,14,36,man_city,queens_rangers,0.06936341925090789,0.11897986624626312,0.8116567145028291
348,14,36,arsenal,swansea,0.1739207812445902,0.26740082432982804,0.5586783944255818
349,14,36,burnley,stoke,0.42023895114333226,0.1743747315582803,0.4053863172983875
350,14,37,liverpool,crystal_palace,0.16247831385181838,0.22937140203294715,0.6081502841152344
351,14,37,queens_rangers,newcastle,0.27477410935929175,0.2872428706241588,0.4379830200165495
352,14,37,southampton,aston_villa,0.2529671589318009,0.2707761931415476,0.47625664792665157
353,14,37,sunderland,leicester,0.13440105513941283,0.1748212062745989,0.6907777385859882
354,14,37,tottenham,hull,0.12293454375103437,0.17146078283603378,0.7056046734129318
355,14,37,west_ham,everton,0.4454553817965083,0.2130452198908226,0.3414993983126691
356,14,37,man_united,arsenal,0.3921914460142411,0.2735635513503597,0.33424500263539914
357,14,37,swansea,man_city,0.44223937305220695,0.20316447203376842,0.3545961549140247
358,14,37,west_brom,chelsea,0.5044420866034511,0.2523915933119378,0.24316632008461112
359,14,37,arsenal,sunderland,0.09078866867955622,0.1392639273736743,0.7699474039467696
360,14,38,arsenal,west_brom,0.10690916390901455,0.15154812240131427,0.7415427136896712
361,14,38,aston_villa,burnley,0.14261679949051406,0.2195913678523029,0.6377918326571831
362,14,38,chelsea,sunderland,0.057445811550800724,0.11040296266744898,0.8321512257817504
363,14,38,crystal_palace,swansea,0.38876441297730646,0.2696970794996354,0.34153850752305803
364,14,38,everton,tottenham,0.45278124601019665,0.15829985421281018,0.38891889977699307
365,14,38,hull,man_united,0.5170958256059512,0.28329071481005463,0.1996134595839941
366,14,38,leicester,queens_rangers,0.2644198454757225,0.3061779742702211,0.42940218025405635
367,14,38,man_city,southampton,0.24380727407667677,0.26128977797462155,0.49490294794870177
368,14,38,newcastle,west_ham,0.2688718481264272,0.2934112824545561,0.43771686941901666
369,14,38,stoke,liverpool,0.44340710493977875,0.2578938888619273,0.2986990061982938
370,15,2,aston_villa,man_united,0.5181568899075247,0.22324920336109091,0.25859390673138444
371,15,2,southampton,everton,0.3851705691048569,0.28490888473434717,0.32992054616079597
372,15,2,sunderland,norwich,0.3550998287158141,0.18148263250290955,0.4634175387812764
373,15,2,swansea,newcastle,0.3441669586364556,0.2966855513177305,0.359147490045814
374,15,2,tottenham,stoke,0.23521159230358998,0.2418690246302131,0.522919383066197
375,15,2,watford,west_brom,0.27131847929568553,0.3098984787561631,0.4187830419481513
376,15,2,west_ham,leicester,0.19839640091338465,0.26376235055922803,0.5378412485273874
377,15,2,crystal_palace,arsenal,0.4064716238042783,0.3396921232808099,0.2538362529149118
378,15,2,man_city,chelsea,0.3918643367143471,0.37170252257758285,0.23643314070807
379,15,2,liverpool,bournemouth,0.1609285981930066,0.25338764543862213,0.5856837563683713
380,15,3,crystal_palace,aston_villa,0.360769251763285,0.27004722006192483,0.36918352817479017
381,15,3,leicester,tottenham,0.4312685704747596,0.28411079395383704,0.2846206355714033
382,15,3,man_united,newcastle,0.16146840491192505,0.22507910528731304,0.6134524898007618
383,15,3,norwich,stoke,0.3548844723791697,0.3331118330262041,0.3120036945946262
384,15,3,sunderland,swansea,0.43856271900719845,0.22745769416582964,0.33397958682697193
385,15,3,west_ham,bournemouth,0.2033169052115937,0.22731940979427662,0.5693636849941297
386,15,3,everton,man_city,0.5416250119167084,0.19516361499980184,0.26321137308348963
387,15,3,watford,southampton,0.2965140292218919,0.3053573374879817,0.39812863329012627
388,15,3,west_brom,chelsea,0.38046251530825986,0.32843173031181955,0.29110575437992064
389,15,3,arsenal,liverpool,0.3847192676318339,0.19447238633419608,0.42080834603397005
390,15,4,aston_villa,sunderland,0.28593366434955936,0.28931224267499644,0.4247540929754443
391,15,4,bournemouth,leicester,0.2344379532988052,0.26370352395735264,0.5018585227438421
392,15,4,chelsea,crystal_palace,0.15892899147072287,0.23969106473260757,0.6013799437966696
393,15,4,liverpool,west_ham,0.2505708424639956,0.2308894255718956,0.5185397319641089
394,15,4,man_city,watford,0.08098385661313814,0.16334714012576554,0.7556690032610962
395,15,4,newcastle,arsenal,0.432741546970907,0.3008195647259027,0.2664388883031901
396,15,4,stoke,west_brom,0.265425932883425,0.2719882192139735,0.4625858479026016
397,15,4,tottenham,everton,0.4641614668442688,0.18136346699768133,0.35447506615804986
398,15,4,southampton,norwich,0.24929194013281739,0.26077491288977167,0.489933146977411
399,15,4,swansea,man_united,0.48653696986321676,0.24030208942189382,0.27316094071488956
400,15,5,arsenal,stoke,0.15260438204005955,0.2482376135140352,0.5991580044459053
401,15,5,crystal_palace,man_city,0.5420024772463452,0.22378563139478563,0.2342118913588692
402,15,5,everton,chelsea,0.47771823600571506,0.2068988511890288,0.3153829128052562
403,15,5,man_united,liverpool,0.281927595658502,0.29278386493403397,0.42528853940746414
404,15,5,norwich,bournemouth,0.2697502890624528,0.3331772495544676,0.39707246138307967
405,15,5,watford,swansea,0.3986906597894469,0.28501310321901746,0.3162962369915356
406,15,5,west_brom,southampton,0.36210104065768456,0.3375931877680693,0.30030577157424626
407,15,5,leicester,aston_villa,0.3739651428222981,0.23758348810690427,0.3884513690707977
408,15,5,sunderland,tottenham,0.3886426199210731,0.28416332303521946,0.3271940570437075
409,15,5,west_ham,newcastle,0.3349996675075077,0.2676808729408038,0.39731945955168857
410,15,6,aston_villa,west_brom,0.323113313543348,0.2311013470477595,0.4457853394088925
411,15,6,bournemouth,sunderland,0.3233216794489269,0.3497265040345043,0.32695181651656885
412,15,6,chelsea,arsenal,0.45941994644143885,0.22522426143696092,0.3153557921216003
413,15,6,man_city,west_ham,0.0958674412802251,0.2039245806542427,0.7002079780655323
414,15,6,newcastle,watford,0.18653927065485257,0.3083879818124357,0.5050727475327117
415,15,6,stoke,leicester,0.31336955056547305,0.31297989157335065,0.3736505578611762
416,15,6,swansea,everton,0.38433369184320704,0.2938260967753378,0.32184021138145524
417,15,6,liverpool,norwich,0.06024894449206357,0.17326977617758996,0.7664812793303465
418,15,6,southampton,man_united,0.46632811736818375,0.2692272876923837,0.2644445949394326
419,15,6,tottenham,crystal_palace,0.3003417125049611,0.25589579182917066,0.4437624956658683
420,15,7,leicester,arsenal,0.49014875693929866,0.25274976790147285,0.25710147515922843
421,15,7,liverpool,aston_villa,0.21941155293672188,0.3109984070791893,0.4695900399840888
422,15,7,man_united,sunderland,0.08578225961924463,0.1460002827511075,0.7682174576296478
423,15,7,newcastle,chelsea,0.4339272597338896,0.22813658408110105,0.3379361561850094
424,15,7,southampton,swansea,0.3804153564368682,0.30594016299843285,0.313644480564699
425,15,7,stoke,bournemouth,0.24369116984633998,0.21606168947213814,0.5402471406815219
426,15,7,tottenham,man_city,0.5539951086969266,0.16924760348767748,0.27675728781539594
427,15,7,west_ham,norwich,0.08450143450377971,0.13809082794261104,0.7774077375536093
428,15,7,watford,crystal_palace,0.4114340687955166,0.28841736673325885,0.30014856447122445
429,15,7,west_brom,everton,0.4311224089289761,0.2985596977187299,0.27031789335229417
430,15,8,aston_villa,stoke,0.26500006733236403,0.30586076259786116,0.4291391700697747
431,15,8,bournemouth,watford,0.264013565913642,0.3407806284182351,0.39520580566812286
432,15,8,chelsea,southampton,0.20136349139836393,0.3420616678398001,0.45657484076183596
433,15,8,crystal_palace,west_brom,0.20268050690976958,0.24710484219218887,0.5502146508980416
434,15,8,man_city,newcastle,0.13024001581850314,0.23065535788545394,0.6391046262960429
435,15,8,norwich,leicester,0.32792230747019774,0.27705853318816515,0.39501915934163717
436,15,8,sunderland,west_ham,0.4083298093276056,0.26772406674764754,0.3239461239247468
437,15,8,arsenal,man_united,0.3804935454426981,0.3092848001381122,0.3102216544191897
438,15,8,everton,liverpool,0.42897160175271043,0.25791433100049765,0.3131140672467918
439,15,8,swansea,tottenham,0.32991365407517165,0.19963945549530118,0.4704468904295273
440,15,9,chelsea,aston_villa,0.11245212276160772,0.22403453067806137,0.663513346560331
441,15,9,crystal_palace,west_ham,0.34499194679481343,0.2878142360018743,0.3671938172033124
442,15,9,everton,man_united,0.4469901164937401,0.254001088884896,0.299008794621364
443,15,9,man_city,bournemouth,0.040491802235793586,0.08649977878272486,0.8730084189814815
444,15,9,southampton,leicester,0.26663127725156704,0.27728618485986845,0.45608253788856457
445,15,9,tottenham,liverpool,0.4765146675561764,0.21154175220438223,0.31194358023944146
446,15,9,watford,arsenal,0.5389478893306837,0.23789005642697808,0.22316205424233823
447,15,9,west_brom,sunderland,0.30721815899482907,0.30912068485471184,0.38366115615045904
448,15,9,newcastle,norwich,0.20521526903186488,0.2786270127793695,0.5161577181887657
449,15,9,swansea,stoke,0.29394753230989457,0.29382715568048284,0.4122253120096226
450,15,10,arsenal,everton,0.15206287619035172,0.2237265755392373,0.6242105482704109
451,15,10,aston_villa,swansea,0.4192849412098358,0.2337855288941174,0.34692952989604675
452,15,10,leicester,crystal_palace,0.31101434951191176,0.25136761670820545,0.4376180337798828
453,15,10,norwich,west_brom,0.3663255068854347,0.32763721040401944,0.3060372827105458
454,15,10,stoke,watford,0.17334810216032628,0.21211540915180957,0.6145364886878641
455,15,10,west_ham,chelsea,0.3259873278509777,0.34231828617300886,0.33169438597601353
456,15,10,bournemouth,tottenham,0.3837203519458071,0.29224589815618846,0.3240337498980045
