,season,matchweek,hometeam,awayteam,hatproba_away,hatproba_draw,hatproba_home
0,14,2,aston_villa,newcastle,0.2462127782141084,0.29354344497678236,0.46024377680910933
1,14,2,chelsea,leicester,0.16230680367877107,0.154810539948158,0.682882656373071
2,14,2,crystal_palace,west_ham,0.41488299050089666,0.2621730705914256,0.3229439389076778
3,14,2,everton,arsenal,0.4733060194303309,0.26093529191534726,0.26575868865432184
4,14,2,southampton,west_brom,0.31528714775595895,0.3074936778672056,0.3772191743768356
5,14,2,swansea,burnley,0.18417803068428437,0.27372223020771813,0.5420997391079975
6,14,2,hull,stoke,0.2653900119671468,0.2801763960187765,0.4544335920140767
7,14,2,sunderland,man_united,0.4647645993035387,0.2979577697334879,0.2372776309629733
8,14,2,tottenham,queens_rangers,0.23467183166530245,0.23428123483839805,0.5310469334962995
9,14,2,man_city,liverpool,0.18460856509499188,0.2127450766148441,0.6026463582901641
10,14,3,burnley,man_united,0.4984478542504465,0.25665129528500746,0.24490085046454607
11,14,3,everton,chelsea,0.5522468922682371,0.23118937024074648,0.2165637374910164
12,14,3,man_city,stoke,0.15216447603462846,0.17781791107114397,0.6700176128942276
13,14,3,newcastle,crystal_palace,0.25560613367154933,0.31235286523668654,0.4320410010917642
14,14,3,queens_rangers,sunderland,0.38138928135666667,0.3435128051618946,0.2750979134814388
15,14,3,swansea,west_brom,0.2527906330776993,0.23001318237696927,0.5171961845453314
16,14,3,west_ham,southampton,0.22449142511561945,0.2956888927432655,0.47981968214111503
17,14,3,aston_villa,hull,0.31009664734794967,0.25682128529573245,0.43308206735631777
18,14,3,leicester,arsenal,0.4501246905127399,0.26927923401548487,0.2805960754717751
19,14,3,tottenham,liverpool,0.18954440535222525,0.23670709510087654,0.5737484995468981
20,14,4,arsenal,man_city,0.24929542298181423,0.2647689613350193,0.4859356156831665
21,14,4,chelsea,swansea,0.17483492715105034,0.1374997993168833,0.6876652735320663
22,14,4,crystal_palace,burnley,0.3178879367717464,0.27513386130655415,0.4069782019216994
23,14,4,liverpool,aston_villa,0.21779992715085625,0.17252551043325598,0.6096745624158878
24,14,4,southampton,newcastle,0.2473825361934171,0.3184253217916219,0.434192142014961
25,14,4,stoke,leicester,0.24711228082810083,0.2939154813415785,0.45897223783032065
26,14,4,sunderland,tottenham,0.48526919686617287,0.26757258296199676,0.24715822017183028
27,14,4,west_brom,everton,0.3305625390431593,0.2942132478486921,0.3752242131081487
28,14,4,man_united,queens_rangers,0.2668930398200036,0.28931194034690066,0.44379501983309577
29,14,4,hull,west_ham,0.3807010157198375,0.2945481373038391,0.32475084697632334
30,14,5,aston_villa,arsenal,0.4842922949558078,0.2520539476185771,0.2636537574256151
31,14,5,burnley,sunderland,0.2812156925409374,0.2510984371209807,0.46768587033808195
32,14,5,newcastle,hull,0.38844666655879395,0.33932426416057443,0.2722290692806315
33,14,5,queens_rangers,stoke,0.36597857792488314,0.3320423270196998,0.30197909505541704
34,14,5,swansea,southampton,0.34567282408032207,0.31789115021447345,0.33643602570520453
35,14,5,west_ham,liverpool,0.3782339558460456,0.2822632966013088,0.33950274755264565
36,14,5,everton,crystal_palace,0.32354557947539236,0.3010829373575439,0.3753714831670638
37,14,5,leicester,man_united,0.4358726966311007,0.2192064286326446,0.34492087473625477
38,14,5,man_city,chelsea,0.37351433626480285,0.25290601514040095,0.3735796485947962
39,14,5,tottenham,west_brom,0.20481106116326214,0.25217482375468736,0.5430141150820503
40,14,6,arsenal,tottenham,0.25917547801327,0.27979577542352285,0.46102874656320714
41,14,6,chelsea,aston_villa,0.17031178484957807,0.13726040932203454,0.6924278058283874
42,14,6,crystal_palace,leicester,0.34715555324276826,0.31382155385418087,0.33902289290305093
43,14,6,hull,man_city,0.5078575378004264,0.2450286410824353,0.24711382111713845
44,14,6,liverpool,everton,0.28862567725530597,0.3014663267393287,0.4099079960053652
45,14,6,man_united,west_ham,0.1917915282481765,0.24392716738117276,0.5642813043706508
46,14,6,southampton,queens_rangers,0.2558287826813228,0.30841588240470275,0.4357553349139745
47,14,6,sunderland,swansea,0.47685020669073713,0.2922638185172616,0.23088597479200146
48,14,6,west_brom,burnley,0.24450267213541874,0.3130315708669823,0.44246575699759894
49,14,6,stoke,newcastle,0.2836227297271617,0.3156147370237215,0.4007625332491167
50,14,7,aston_villa,man_city,0.47999477634935195,0.24125508861931402,0.278750135031334
51,14,7,hull,crystal_palace,0.4433053084052469,0.3208154128328483,0.2358792787619049
52,14,7,leicester,burnley,0.28098776271581877,0.2478926124009899,0.47111962488319137
53,14,7,liverpool,west_brom,0.31719935070709027,0.2755203142177343,0.4072803350751753
54,14,7,sunderland,stoke,0.3438518754888294,0.3387692642137067,0.31737886029746387
55,14,7,swansea,newcastle,0.32636612535734644,0.2996795963943706,0.3739542782482831
56,14,7,chelsea,arsenal,0.1775660280229096,0.1950369556845888,0.6273970162925016
57,14,7,man_united,everton,0.21035850008735865,0.24772209040404372,0.5419194095085975
58,14,7,tottenham,southampton,0.3079865000901865,0.2715581787587758,0.42045532115103773
59,14,7,west_ham,queens_rangers,0.2326703214709278,0.3162583048061499,0.4510713737229222
60,14,8,arsenal,hull,0.22129275170606014,0.2300194601009686,0.5486877881929713
61,14,8,burnley,west_ham,0.39868063215305316,0.3203983842409486,0.2809209836059983
62,14,8,crystal_palace,chelsea,0.5944039880049522,0.23439262740744948,0.17120338458759832
63,14,8,everton,aston_villa,0.34371421445253636,0.3318447573426112,0.3244410282048525
64,14,8,man_city,tottenham,0.2182249724338883,0.23934609331752688,0.5424289342485847
65,14,8,newcastle,leicester,0.32657346120268277,0.32024541069944235,0.3531811280978748
66,14,8,southampton,sunderland,0.30471743826641934,0.28982466821417174,0.4054578935194089
67,14,8,queens_rangers,liverpool,0.4481991697088633,0.30059576554176043,0.2512050647493762
68,14,8,stoke,swansea,0.36265777001123584,0.312756780782341,0.3245854492064231
69,14,8,west_brom,man_united,0.44071072990496096,0.2587383086598155,0.30055096143522353
70,14,9,liverpool,hull,0.21267236946665305,0.23012569433648009,0.5572019361968669
71,14,9,southampton,stoke,0.21061644132747384,0.22912908397040357,0.5602544747021225
72,14,9,sunderland,arsenal,0.39802099171182675,0.3094480116644244,0.2925309966237489
73,14,9,swansea,leicester,0.2978465959055747,0.3204072747082382,0.38174612938618707
74,14,9,west_brom,crystal_palace,0.31548545840209585,0.32276652250559806,0.36174801909230603
75,14,9,west_ham,man_city,0.5074641443920711,0.22724024174604726,0.2652956138618818
76,14,9,burnley,everton,0.3538342386629023,0.24987192712895542,0.3962938342081421
77,14,9,man_united,chelsea,0.38894305272764435,0.27636024274060705,0.33469670453174866
78,14,9,tottenham,newcastle,0.2957458395987653,0.2954822240169242,0.40877193638431036
79,14,9,queens_rangers,aston_villa,0.36867977759438103,0.33393469770593875,0.2973855246996801
80,14,10,arsenal,burnley,0.16412620301613853,0.2252414354736125,0.610632361510249
81,14,10,chelsea,queens_rangers,0.16878941963754399,0.2322894607657129,0.5989211195967432
82,14,10,everton,swansea,0.3451251184797041,0.30668384639776897,0.348191035122527
83,14,10,hull,southampton,0.5064410189382621,0.30651768848074085,0.18704129258099694
84,14,10,leicester,west_brom,0.3458237833798762,0.27092938289738494,0.38324683372273893
85,14,10,newcastle,liverpool,0.38675449083826813,0.2983646499235435,0.31488085923818826
86,14,10,stoke,west_ham,0.36767101556785453,0.3158290156757979,0.31649996875634767
87,14,10,aston_villa,tottenham,0.39105054882275675,0.2897961168048535,0.31915333437238974
88,14,10,man_city,man_united,0.2601042231091,0.25623204371337643,0.4836637331775236
89,14,10,crystal_palace,sunderland,0.3307489715555432,0.2743662702821966,0.3948847581622602
90,14,11,burnley,hull,0.3887506127866408,0.2973211686104804,0.3139282186028788
91,14,11,liverpool,chelsea,0.395144448420518,0.2812736132017344,0.3235819383777476
92,14,11,man_united,crystal_palace,0.20489872029740588,0.2661840075517733,0.5289172721508208
93,14,11,queens_rangers,man_city,0.5657845735612012,0.2557500036668074,0.17846542277199143
94,14,11,southampton,leicester,0.24091685215930206,0.28729233578268615,0.47179081205801177
95,14,11,west_ham,aston_villa,0.2858278499983894,0.29932632565484635,0.4148458243467642
96,14,11,sunderland,everton,0.3624196234374047,0.2945245888891748,0.3430557876734205
97,14,11,swansea,arsenal,0.5047686785855556,0.2792674680903092,0.215963853324135
98,14,11,tottenham,stoke,0.2993961463739957,0.2933302376641925,0.4072736159618118
99,14,11,west_brom,newcastle,0.36661772319876285,0.3327186246230363,0.3006636521782009
100,14,12,arsenal,man_united,0.26091164365240227,0.2815817191667401,0.4575066371808576
101,14,12,chelsea,west_brom,0.14708892448260336,0.14951239635337926,0.7033986791640173
102,14,12,everton,west_ham,0.4033038330896925,0.2948745190048436,0.30182164790546395
103,14,12,leicester,sunderland,0.34620060561577715,0.2621407076156637,0.3916586867685591
104,14,12,man_city,swansea,0.1889002222125948,0.19434039215387675,0.6167593856335284
105,14,12,newcastle,queens_rangers,0.24683607817093883,0.31756022743571055,0.4356036943933505
106,14,12,stoke,burnley,0.24067007118061476,0.3038848097667003,0.455445119052685
107,14,12,crystal_palace,liverpool,0.3860945302443213,0.2768199412591633,0.3370855284965155
108,14,12,hull,tottenham,0.3688698610352143,0.2644281333482759,0.3667020056165098
109,14,12,aston_villa,southampton,0.48331307815577573,0.32902312118953037,0.1876638006546939
110,14,13,burnley,aston_villa,0.3129863492848053,0.25994197459480106,0.42707167612039365
111,14,13,liverpool,stoke,0.3547075144698448,0.2982077833830534,0.34708470214710185
112,14,13,man_united,hull,0.14526048653780574,0.21740796063261922,0.637331552829575
113,14,13,queens_rangers,leicester,0.32408205573990656,0.301749562757495,0.37416838150259846
114,14,13,sunderland,chelsea,0.645925638650463,0.22369700721769628,0.13037735413184073
115,14,13,swansea,crystal_palace,0.3274335371720891,0.3199665864788318,0.35259987634907897
116,14,13,west_brom,arsenal,0.47316750366222154,0.2709974096916633,0.2558350866461151
117,14,13,west_ham,newcastle,0.3374018299600595,0.31861990175080646,0.343978268289134
118,14,13,southampton,man_city,0.4458541171837798,0.2549135997178353,0.2992322830983849
119,14,13,tottenham,everton,0.26111681347306664,0.27714043157042323,0.46174275495651024
120,14,14,burnley,newcastle,0.3487962171829695,0.33458117909411655,0.3166226037229139
121,14,14,crystal_palace,aston_villa,0.3027192726634332,0.2854610795177789,0.411819647818788
122,14,14,leicester,liverpool,0.3481033887207619,0.27235319489730864,0.37954341638192945
123,14,14,man_united,stoke,0.21128668759224192,0.25002297467616935,0.5386903377315887
124,14,14,swansea,queens_rangers,0.27465623714319715,0.3097526239581901,0.41559113889861277
125,14,14,west_brom,west_ham,0.41527796250702215,0.3291263975797531,0.255595639913225
126,14,14,arsenal,southampton,0.26677649562206524,0.23239025454903642,0.5008332498288984
127,14,14,chelsea,tottenham,0.18133557302225434,0.20461355630134054,0.6140508706764052
128,14,14,everton,hull,0.22188095606248637,0.30687725341756406,0.47124179051994963
129,14,14,sunderland,man_city,0.518582235397455,0.2612774949679792,0.22014026963456587
130,14,15,hull,west_brom,0.4615751864026249,0.27282456914578784,0.2656002444515873
131,14,15,liverpool,sunderland,0.2742153327709553,0.27403107317626585,0.45175359405277893
132,14,15,man_city,everton,0.17024740342215716,0.17461615145627987,0.655136445121563
133,14,15,newcastle,chelsea,0.6188885716572131,0.22552330527554748,0.1555881230672395
134,14,15,queens_rangers,burnley,0.33833559693481324,0.29602813034450415,0.3656362727206825
135,14,15,stoke,arsenal,0.42328036220100307,0.29075688042388653,0.28596275737511034
136,14,15,tottenham,crystal_palace,0.24457826560795362,0.2506595096067012,0.5047622247853452
137,14,15,aston_villa,leicester,0.3005673947140923,0.2881007694043766,0.4113318358815311
138,14,15,west_ham,swansea,0.32728183525373256,0.2936994468949052,0.3790187178513623
139,14,15,southampton,man_united,0.4148929308155619,0.2449853192270361,0.340121749957402
140,14,16,arsenal,newcastle,0.26307453346786464,0.23905041374015606,0.49787505279197936
141,14,16,burnley,southampton,0.4127667157838655,0.28797803012391626,0.2992552540922182
142,14,16,chelsea,hull,0.13182500736806085,0.16825610700516824,0.6999188856267707
143,14,16,crystal_palace,stoke,0.36208391996472455,0.31321896429174595,0.32469711574352944
144,14,16,leicester,man_city,0.6147980005021715,0.21866554542880975,0.16653645406901862
145,14,16,sunderland,west_ham,0.39059811856876697,0.34636658126735953,0.2630353001638735
146,14,16,west_brom,aston_villa,0.34436228007137604,0.30817082112598754,0.3474668988026364
147,14,16,man_united,liverpool,0.2591086844530772,0.2770079575314941,0.4638833580154287
148,14,16,swansea,tottenham,0.342897233725311,0.29032347701053296,0.3667792892641559
149,14,16,everton,queens_rangers,0.3037573095683401,0.32279508935324436,0.3734476010784155
150,14,17,aston_villa,man_united,0.5282609551300782,0.256967651670408,0.21477139319951394
151,14,17,hull,swansea,0.4419535390858451,0.279445196674739,0.27860126423941584
152,14,17,man_city,crystal_palace,0.1435031897030907,0.17098802281224268,0.6855087874846668
153,14,17,queens_rangers,west_brom,0.4108248946105195,0.2923563137876526,0.29681879160182784
154,14,17,southampton,everton,0.28351116565047246,0.3202492756242672,0.3962395587252603
155,14,17,tottenham,burnley,0.21921385416526057,0.2566343895802468,0.5241517562544926
156,14,17,west_ham,leicester,0.2196031415133549,0.3048541823332613,0.4755426761533839
157,14,17,liverpool,arsenal,0.3761343230456362,0.31489370686978096,0.3089719700845828
158,14,17,newcastle,sunderland,0.3046501213612035,0.3129450497144987,0.3824048289242977
159,14,17,stoke,chelsea,0.5443418313567213,0.255212328710417,0.20044583993286177
160,14,18,arsenal,queens_rangers,0.21285572475977776,0.2744387822149271,0.5127054930252951
161,14,18,burnley,liverpool,0.3831354761239317,0.28443891782086717,0.33242560605520116
162,14,18,chelsea,west_ham,0.17640612806241004,0.14186261766780797,0.6817312542697819
163,14,18,crystal_palace,southampton,0.3919480398594374,0.3377600071750579,0.2702919529655048
164,14,18,everton,stoke,0.3652805421414487,0.32644519107519515,0.30827426678335623
165,14,18,leicester,tottenham,0.4091614737597314,0.30414384717523374,0.28669467906503493
166,14,18,man_united,newcastle,0.2480233186535475,0.2490651589614433,0.5029115223850091
167,14,18,sunderland,hull,0.2586018429627457,0.3252138945593803,0.4161842624778739
168,14,18,swansea,aston_villa,0.2735469216457369,0.3130314760478317,0.41342160230643143
169,14,18,west_brom,man_city,0.49480345141119425,0.2724550405249125,0.2327415080638934
170,14,19,aston_villa,sunderland,0.3551031544436434,0.3400741353000849,0.30482271025627183
171,14,19,hull,leicester,0.27527015225986273,0.2540348780250289,0.4706949697151084
172,14,19,man_city,burnley,0.12513737207755737,0.1592149698496802,0.7156476580727624
173,14,19,newcastle,everton,0.3289426547869231,0.3032756517216605,0.3677816934914164
174,14,19,queens_rangers,crystal_palace,0.312816616381106,0.31952827159862307,0.36765511202027096
175,14,19,southampton,chelsea,0.5195889230558023,0.24728737662528255,0.23312370031891524
176,14,19,stoke,west_brom,0.3587810619503886,0.29603734105933094,0.34518159699028034
177,14,19,tottenham,man_united,0.30672331220976073,0.2799915803058909,0.4132851074843484
178,14,19,west_ham,arsenal,0.4240657315907162,0.2871671797193788,0.28876708868990514
179,14,19,liverpool,swansea,0.27972626228958014,0.2715696563035829,0.4487040814068371
180,14,20,aston_villa,crystal_palace,0.30143253926133934,0.3114027781786301,0.3871646825600305
181,14,20,hull,everton,0.3344707526528359,0.26843105382362464,0.39709819352353953
182,14,20,liverpool,leicester,0.1913590251951139,0.24989302586706938,0.5587479489378167
183,14,20,man_city,sunderland,0.1693132274941357,0.17557902704847167,0.6551077454573927
184,14,20,newcastle,burnley,0.2620266333373164,0.2775343056921161,0.4604390609705675
185,14,20,queens_rangers,swansea,0.380244797732399,0.31526129926890456,0.30449390299869633
186,14,20,southampton,arsenal,0.3871599160140541,0.28234323168949,0.33049685229645587
187,14,20,stoke,man_united,0.4844874773332221,0.26352575527087885,0.2519867673958991
188,14,20,tottenham,chelsea,0.4640482970665963,0.2790719585840178,0.25687974434938593
189,14,20,west_ham,west_brom,0.3047500662885066,0.2917639454600596,0.4034859882514339
190,14,21,burnley,queens_rangers,0.29165586576833474,0.24794804348389404,0.46039609074777127
191,14,21,chelsea,newcastle,0.15578296944533596,0.1673241750014037,0.6768928555532603
192,14,21,crystal_palace,tottenham,0.41819681713677853,0.3143741300209166,0.26742905284230484
193,14,21,everton,man_city,0.5666281276368679,0.25033428875121777,0.1830375836119144
194,14,21,leicester,aston_villa,0.3455112645168844,0.27411271019995365,0.3803760252831618
195,14,21,sunderland,liverpool,0.39003315601150146,0.3029889853974788,0.3069778585910196
196,14,21,swansea,west_ham,0.42844632217213224,0.30705786529269474,0.2644958125351729
197,14,21,west_brom,hull,0.32822422859923384,0.3291273659425567,0.3426484054582094
198,14,21,arsenal,stoke,0.24762251074747968,0.23461635737885272,0.5177611318736677
199,14,21,man_united,southampton,0.2636900913255731,0.2316437704390136,0.5046661382354133
200,14,22,aston_villa,liverpool,0.3884294231218641,0.3235866418678958,0.28798393501024
201,14,22,burnley,crystal_palace,0.2935670917952124,0.2893268950805723,0.4171060131242153
202,14,22,leicester,stoke,0.3227954855235366,0.2827731002825787,0.3944314141938848
203,14,22,newcastle,southampton,0.4056300358305696,0.3329021512364667,0.2614678129329636
204,14,22,queens_rangers,man_united,0.458122405388782,0.2669578549623657,0.2749197396488523
205,14,22,swansea,chelsea,0.5379845928586575,0.26123143010139815,0.20078397703994436
206,14,22,tottenham,sunderland,0.29443828636092484,0.29478956169274173,0.41077215194633343
207,14,22,man_city,arsenal,0.23845443973229366,0.2602102294426312,0.5013353308250752
208,14,22,west_ham,hull,0.2820503118415164,0.2992416108743092,0.41870807728417425
209,14,22,everton,west_brom,0.3515682957194437,0.333025844337689,0.3154058599428673
210,14,23,chelsea,man_city,0.27640287894033533,0.25474127690762893,0.4688558441520358
211,14,23,crystal_palace,everton,0.3289975905541183,0.27021318770976055,0.40078922173612125
212,14,23,hull,newcastle,0.34619515930688294,0.30210397198298494,0.351700868710132
213,14,23,liverpool,west_ham,0.2752546541819863,0.2681462794656792,0.4565990663523345
214,14,23,man_united,leicester,0.16832999710596738,0.2329618043700468,0.5987081985239858
215,14,23,stoke,queens_rangers,0.2704546040104971,0.29875973877705986,0.430785657212443
216,14,23,sunderland,burnley,0.3217903855038296,0.31098840659477445,0.367221207901396
217,14,23,west_brom,tottenham,0.3880806630877981,0.33171197777996764,0.2802073591322343
218,14,23,arsenal,aston_villa,0.22003496871620087,0.2277474662961933,0.5522175649876059
219,14,23,southampton,swansea,0.310427538707297,0.29600099754897247,0.3935714637437305
220,14,24,aston_villa,chelsea,0.5683139454392945,0.26414759911036406,0.16753845545034143
221,14,24,everton,liverpool,0.4150049814598689,0.31186621079406457,0.27312880774606646
222,14,24,leicester,crystal_palace,0.3210684880929797,0.3064751157593337,0.3724563961476866
223,14,24,man_city,hull,0.13601109166887118,0.17619709190537405,0.6877918164257547
224,14,24,queens_rangers,southampton,0.4149064398200199,0.32997530217624566,0.2551182580037345
225,14,24,swansea,sunderland,0.36913725718530443,0.2874656296792238,0.3433971131354716
226,14,24,tottenham,arsenal,0.3669652654912813,0.3103676462213556,0.3226670882873631
227,14,24,burnley,west_brom,0.3216966782966376,0.2666251077134284,0.411678213989934
228,14,24,newcastle,stoke,0.3650833762899639,0.34105781568747817,0.29385880802255787
229,14,24,west_ham,man_united,0.4383259730901822,0.24860069741513377,0.3130733294946841
230,14,25,arsenal,leicester,0.18271446448713205,0.24980605124976216,0.5674794842631058
231,14,25,hull,aston_villa,0.3057116447850351,0.2872231581244694,0.4070651970904955
232,14,25,liverpool,tottenham,0.2526690340928333,0.27708575437735405,0.47024521152981263
233,14,25,sunderland,queens_rangers,0.2954697692425935,0.31143898102666334,0.39309124973074316
234,14,25,chelsea,everton,0.14316877039949377,0.17380851043775586,0.6830227191627504
235,14,25,crystal_palace,newcastle,0.3632897593256225,0.32242884502257413,0.31428139565180346
236,14,25,man_united,burnley,0.15299301125256456,0.21868926192747867,0.6283177268199568
237,14,25,southampton,west_ham,0.3633393785051994,0.2963915183248182,0.34026910316998255
238,14,25,stoke,man_city,0.493136161787942,0.25889280731239295,0.24797103089966518
239,14,25,west_brom,swansea,0.356785311263136,0.3087391831161414,0.3344755056207226
240,14,26,aston_villa,stoke,0.3563637056021884,0.34788039989170505,0.2957558945061066
241,14,26,chelsea,burnley,0.1407592913739726,0.16637629650476543,0.6928644121212618
242,14,26,crystal_palace,arsenal,0.4625646496982168,0.2976331511591314,0.23980219914265166
243,14,26,hull,queens_rangers,0.24327815853735751,0.2928762848710428,0.46384555659159976
244,14,26,man_city,newcastle,0.1700391957619407,0.18708897959422702,0.6428718246438322
245,14,26,sunderland,west_brom,0.34813396945298913,0.3074035472682359,0.34446248327877504
246,14,26,swansea,man_united,0.46616641660150954,0.2734574870736394,0.2603760963248509
247,14,26,everton,leicester,0.337440732528183,0.32465373949242876,0.3379055279793883
248,14,26,southampton,liverpool,0.3309988087673466,0.2884912169420639,0.3805099742905895
249,14,26,tottenham,west_ham,0.3461055331557743,0.27836960926951076,0.37552485757471504
250,14,27,burnley,swansea,0.35356005749407093,0.2708451924111415,0.3755947500947875
251,14,27,man_united,sunderland,0.2094652928043719,0.23520328656193934,0.5553314206336887
252,14,27,newcastle,aston_villa,0.291452207831638,0.30357048935177944,0.40497730281658256
253,14,27,stoke,hull,0.36337360699297977,0.2905196967296113,0.34610669627740903
254,14,27,west_brom,southampton,0.35339727255359565,0.32969621471120836,0.31690651273519593
255,14,27,west_ham,crystal_palace,0.3035544201420741,0.3172260453548114,0.3792195345031144
256,14,27,arsenal,everton,0.16933274177820684,0.21483337193308516,0.6158338862887079
257,14,27,liverpool,man_city,0.425069173621177,0.2704072845292066,0.30452354184961644
258,14,27,aston_villa,west_brom,0.3201620631976987,0.3094756822743195,0.3703622545279817
259,14,27,hull,sunderland,0.2862955318954866,0.27139431035369466,0.44231015775081867
260,14,28,southampton,crystal_palace,0.26685272037180907,0.2582144611584228,0.4749328184697681
261,14,28,liverpool,burnley,0.1752985666766847,0.24380012818744803,0.5809013051358674
262,14,28,man_city,leicester,0.14321394187860878,0.20508770281964184,0.6516983553017495
263,14,28,newcastle,man_united,0.5001421242158672,0.27127198909133127,0.22858588669280155
264,14,28,queens_rangers,arsenal,0.4570846115183496,0.3164082810842284,0.22650710739742197
265,14,28,stoke,everton,0.2835557680203834,0.2917377765572238,0.42470645542239266
266,14,28,tottenham,swansea,0.2977546463972993,0.2562921533272458,0.44595320027545493
267,14,28,west_ham,chelsea,0.5414988235518923,0.2385114453080713,0.21998973114003645
268,14,28,queens_rangers,tottenham,0.43372279804026104,0.3152680890300137,0.2510091129297253
269,14,28,arsenal,west_ham,0.24680123978683258,0.23969759212291794,0.5135011680902494
270,14,29,burnley,man_city,0.5976377285536771,0.23068776473183594,0.17167450671448692
271,14,29,crystal_palace,queens_rangers,0.27292564635059,0.268085729332168,0.4589886243172419
272,14,29,leicester,hull,0.3533175470318973,0.2699866394251777,0.376695813542925
273,14,29,sunderland,aston_villa,0.29958815364700175,0.2818244353435528,0.4185874110094455
274,14,29,west_brom,stoke,0.3116025461355138,0.3009205388758039,0.3874769149886822
275,14,29,chelsea,southampton,0.18833598152022987,0.15172052352820273,0.6599434949515673
276,14,29,everton,newcastle,0.35625865226938097,0.3413798701561012,0.3023614775745179
277,14,29,man_united,tottenham,0.20940444894079532,0.23763567104417108,0.5529598800150336
278,14,29,swansea,liverpool,0.38827305527900635,0.323976381972046,0.2877505627489475
279,14,29,aston_villa,swansea,0.38175026950616936,0.32368356696909373,0.294566163524737
280,14,30,man_city,west_brom,0.154517959627831,0.1722302121067953,0.6732518282653738
281,14,30,newcastle,arsenal,0.4947997599569297,0.28935957156197195,0.21584066848109815
282,14,30,southampton,burnley,0.24076899491653808,0.3230365034235295,0.43619450165993234
283,14,30,stoke,crystal_palace,0.3468999314802906,0.3082265428841632,0.3448735256355462
284,14,30,tottenham,leicester,0.2250451734046325,0.2795810816213198,0.49537374497404774
285,14,30,west_ham,sunderland,0.3005607370045227,0.28584451015919426,0.4135947528362831
286,14,30,hull,chelsea,0.5439532315458263,0.24387591150318735,0.2121708569509864
287,14,30,liverpool,man_united,0.2756284688045603,0.2510383710629964,0.47333316013244325
288,14,30,queens_rangers,everton,0.3609785972945314,0.3075593811814713,0.33146202152399734
289,14,30,arsenal,liverpool,0.24995663868773965,0.26563011433594275,0.4844132469763175
290,14,31,chelsea,stoke,0.15631519947971156,0.15276340565841043,0.690921394861878
291,14,31,everton,southampton,0.41521098240915655,0.32660900464747356,0.25818001294336973
292,14,31,leicester,west_ham,0.3741224191882276,0.28813668117963087,0.3377408996321415
293,14,31,man_united,aston_villa,0.17194170202353953,0.1984528165066506,0.62960548146981
294,14,31,swansea,hull,0.3688037742553648,0.31312561403112044,0.3180706117135147
295,14,31,west_brom,queens_rangers,0.24953094038901358,0.30770940264963936,0.44275965696134695
296,14,31,burnley,tottenham,0.4298418393738377,0.3097625734580745,0.2603955871680877
297,14,31,sunderland,newcastle,0.3496165505207015,0.32151123748145666,0.32887221199784195
298,14,31,crystal_palace,man_city,0.5767403318961679,0.23160433603932862,0.19165533206450358
299,14,31,aston_villa,queens_rangers,0.26029924015515815,0.3068038022092357,0.4328969576356061
300,14,32,burnley,arsenal,0.48447308965048846,0.2873398659624593,0.2281870443870521
301,14,32,southampton,hull,0.3180342120927447,0.2868055798999306,0.3951602080073247
302,14,32,sunderland,crystal_palace,0.380558326020505,0.34388387164156503,0.27555780233793004
303,14,32,swansea,everton,0.30439434061629494,0.3001987185451412,0.39540694083856387
304,14,32,tottenham,aston_villa,0.2583976453707688,0.270157169243086,0.47144518538614516
305,14,32,west_brom,leicester,0.2542404848284173,0.28424455112116265,0.4615149640504201
306,14,32,west_ham,stoke,0.3598953509758646,0.3234564705762463,0.31664817844788906
307,14,32,man_united,man_city,0.4650295896284913,0.2702495470588152,0.2647208633126934
308,14,32,queens_rangers,chelsea,0.5722907082430696,0.26274863139107235,0.1649606603658581
309,14,32,liverpool,newcastle,0.23010878090343748,0.23354300690540353,0.5363482121911589
310,14,33,chelsea,man_united,0.22202278503946596,0.20651534370526742,0.5714618712552667
311,14,33,crystal_palace,west_brom,0.38634401251928885,0.29936543769600205,0.3142905497847091
312,14,33,everton,burnley,0.3489211406234894,0.32026268162597715,0.33081617775053346
313,14,33,leicester,swansea,0.3412209921960987,0.318391606718316,0.3403874010855852
314,14,33,stoke,southampton,0.38903128436118267,0.3365311835147563,0.2744375321240609
315,14,33,man_city,west_ham,0.17027442855360642,0.20147457361222132,0.6282509978341723
316,14,33,newcastle,tottenham,0.39358058160488824,0.31867193584080195,0.28774748255430993
317,14,33,burnley,leicester,0.3837366412357493,0.24859006275649723,0.36767329600775367
318,14,33,crystal_palace,hull,0.26756221157628535,0.27433330580123916,0.4581044826224755
319,14,33,man_city,aston_villa,0.15438224966085465,0.20033996149712874,0.6452777888420166
320,14,34,newcastle,swansea,0.3883424773400051,0.34719450083766,0.264463021822335
321,14,34,queens_rangers,west_ham,0.4027842274344202,0.3144550328098828,0.28276073975569704
322,14,34,southampton,tottenham,0.2830153396738619,0.2952141436231874,0.4217705167029507
323,14,34,stoke,sunderland,0.33935178292267937,0.327064530508791,0.33358368656852966
324,14,34,west_brom,liverpool,0.42426316620922755,0.2993972093802526,0.2763396244105199
325,14,34,arsenal,chelsea,0.3125918478453692,0.2802282935052741,0.40717985864935674
326,14,34,everton,man_united,0.5040326600655025,0.2624966295910756,0.2334707103434219
327,14,34,hull,liverpool,0.4023977603155555,0.2932365893170975,0.3043656503673469
328,14,34,leicester,chelsea,0.6123550731948946,0.1988976750993216,0.18874725170578383
329,14,34,aston_villa,everton,0.3505788001901687,0.329147595283214,0.32027360452661746
330,14,35,leicester,newcastle,0.25635399319056484,0.3060906095971968,0.43755539721223846
331,14,35,liverpool,queens_rangers,0.2129212822590906,0.2557638881063664,0.5313148296345429
332,14,35,man_united,west_brom,0.14245678039514367,0.18498646825914658,0.6725567513457097
333,14,35,sunderland,southampton,0.41181995795265935,0.3453998991798461,0.2427801428674946
334,14,35,swansea,stoke,0.3788866783695205,0.32228683830439914,0.29882648332608036
335,14,35,west_ham,burnley,0.2561756909857665,0.28673410800003746,0.45709020101419595
336,14,35,chelsea,crystal_palace,0.17341889855404607,0.1638459844219489,0.662735117024005
337,14,35,tottenham,man_city,0.469259142232735,0.2711374463886617,0.2596034113786032
338,14,35,hull,arsenal,0.45931839485148096,0.28565041493874205,0.255031190209777
339,14,35,aston_villa,west_ham,0.2929621678479267,0.29262611657654697,0.4144117155755264
340,14,36,crystal_palace,man_united,0.47750173209059754,0.2654995574154409,0.2569987104939616
341,14,36,everton,sunderland,0.33638323027949557,0.31141267333905603,0.35220409638144823
342,14,36,hull,burnley,0.22671391378265449,0.28585421263374133,0.4874318735836043
343,14,36,leicester,southampton,0.3494476760067599,0.29397724321841373,0.35657508077482625
344,14,36,newcastle,west_brom,0.41222227837562847,0.32822829033870743,0.259549431285664
345,14,36,stoke,tottenham,0.3202128662600656,0.323138292989641,0.35664884075029346
346,14,36,chelsea,liverpool,0.21087066260282097,0.20583577299894107,0.583293564398238
347,14,36,man_city,queens_rangers,0.16392040665434038,0.22728317220464514,0.6087964211410146
348,14,36,arsenal,swansea,0.22971661774741337,0.20543730333866167,0.5648460789139249
349,14,36,burnley,stoke,0.36673905326502887,0.29835219501289967,0.3349087517220714
350,14,37,liverpool,crystal_palace,0.2625278122204681,0.2500458373622198,0.487426350417312
351,14,37,queens_rangers,newcastle,0.32956213196357803,0.3172264803867042,0.3532113876497177
352,14,37,southampton,aston_villa,0.3276742614885835,0.31493715438171793,0.3573885841296986
353,14,37,sunderland,leicester,0.4847531017060315,0.26515929300774066,0.250087605286228
354,14,37,tottenham,hull,0.28759145644955525,0.27597270581037164,0.4364358377400731
355,14,37,west_ham,everton,0.28592078882844063,0.3204580264225149,0.3936211847490443
356,14,37,man_united,arsenal,0.2868555968167137,0.25917873457717944,0.4539656686061069
357,14,37,swansea,man_city,0.561387676482377,0.24692495272286913,0.19168737079475387
358,14,37,west_brom,chelsea,0.550718394098522,0.25511743231772954,0.19416417358374846
359,14,37,arsenal,sunderland,0.189940178340122,0.20969626352708096,0.6003635581327971
360,14,38,arsenal,west_brom,0.1979695790755409,0.2147149728404056,0.5873154480840534
361,14,38,aston_villa,burnley,0.2740154776550489,0.28930026272273124,0.4366842596222199
362,14,38,chelsea,sunderland,0.15516094101199898,0.16647279919445812,0.6783662597935429
363,14,38,crystal_palace,swansea,0.38855238655421576,0.30872123492992193,0.3027263785158622
364,14,38,everton,tottenham,0.3236611263936723,0.3150937110834078,0.3612451625229198
365,14,38,hull,man_united,0.48832808903516883,0.2629458163318829,0.24872609463294829
366,14,38,leicester,queens_rangers,0.23028776168429163,0.2854218292684096,0.4842904090472988
367,14,38,man_city,southampton,0.18787273239610652,0.1952866869508149,0.6168405806530785
368,14,38,newcastle,west_ham,0.38894311021318567,0.30388195557533954,0.30717493421147485
369,14,38,stoke,liverpool,0.36096224214688455,0.30404111856608496,0.3349966392870305
370,15,2,aston_villa,man_united,0.5451305114583901,0.21886809689392864,0.2360013916476812
371,15,2,southampton,everton,0.3283075086686876,0.31602513191081233,0.3556673594205001
372,15,2,sunderland,norwich,0.2760774309588392,0.3352402851271668,0.38868228391399395
373,15,2,swansea,newcastle,0.3257182042147501,0.3275845397939458,0.3466972559913041
374,15,2,tottenham,stoke,0.31284588153774545,0.3170022044315971,0.3701519140306573
375,15,2,watford,west_brom,0.28201546853187576,0.26907449213456397,0.4489100393335602
376,15,2,west_ham,leicester,0.5520994758450157,0.25692051652710896,0.1909800076278753
377,15,2,crystal_palace,arsenal,0.4641780503700683,0.2896128974328783,0.24620905219705336
378,15,2,man_city,chelsea,0.21676217306252588,0.25285188608094333,0.5303859408565308
379,15,2,liverpool,bournemouth,0.20930440102066694,0.22454562344444196,0.5661499755348911
380,15,3,crystal_palace,aston_villa,0.32465888901295265,0.30274119185619214,0.3725999191308551
381,15,3,leicester,tottenham,0.33635825713332723,0.2594657541946426,0.4041759886720303
382,15,3,man_united,newcastle,0.18821049327035047,0.2198431319197297,0.5919463748099199
383,15,3,norwich,stoke,0.3214405355099077,0.3100684687776399,0.36849099571245253
384,15,3,sunderland,swansea,0.4213596504177501,0.3255317089902399,0.25310864059201005
385,15,3,west_ham,bournemouth,0.27473188673662474,0.2590161577128172,0.46625195555055815
386,15,3,everton,man_city,0.6103599507667408,0.2074226811359389,0.18221736809732042
387,15,3,watford,southampton,0.3222255673116716,0.2804196100476132,0.3973548226407152
388,15,3,west_brom,chelsea,0.4086104621306217,0.24705241981432305,0.34433711805505535
389,15,3,arsenal,liverpool,0.280766325158248,0.27126214575523605,0.4479715290865161
390,15,4,aston_villa,sunderland,0.2826603349169193,0.2826412768202409,0.4346983882628398
391,15,4,bournemouth,leicester,0.4161796829061017,0.30988302330505735,0.2739372937888411
392,15,4,chelsea,crystal_palace,0.3021907579219286,0.2412251788352868,0.4565840632427845
393,15,4,liverpool,west_ham,0.190442221382322,0.20558772370651254,0.6039700549111655
394,15,4,man_city,watford,0.1521953167771812,0.18308490130804625,0.6647197819147727
395,15,4,newcastle,arsenal,0.4410391132520758,0.2967603985014251,0.26220048824649916
396,15,4,stoke,west_brom,0.2890230370255416,0.3000907151431862,0.4108862478312723
397,15,4,tottenham,everton,0.29183208572200875,0.3180363951302899,0.3901315191477013
398,15,4,southampton,norwich,0.4555664922361023,0.3183874096841091,0.22604609807978865
399,15,4,swansea,man_united,0.3975535878314186,0.2727639529658421,0.32968245920273925
400,15,5,arsenal,stoke,0.23935075855717888,0.26023835847327353,0.5004108829695475
401,15,5,crystal_palace,man_city,0.5935754972768633,0.20308370670767525,0.2033407960154615
402,15,5,everton,chelsea,0.417742930215852,0.2584187188835217,0.32383835090062624
403,15,5,man_united,liverpool,0.23983525610683862,0.27919252605976663,0.4809722178333948
404,15,5,norwich,bournemouth,0.32824305395104525,0.28703311474373044,0.3847238313052243
405,15,5,watford,swansea,0.40722179688830906,0.33642595201506714,0.25635225109662374
406,15,5,west_brom,southampton,0.4370914769467319,0.2917688028596547,0.27113972019361343
407,15,5,leicester,aston_villa,0.3051119682014968,0.3107666162380183,0.38412141556048485
408,15,5,sunderland,tottenham,0.4101066363510112,0.30533706379225245,0.28455629985673636
409,15,5,west_ham,newcastle,0.3344873955895548,0.2803193461721868,0.38519325823825834
410,15,6,aston_villa,west_brom,0.33176867333912213,0.3255621694595507,0.3426691572013271
411,15,6,bournemouth,sunderland,0.2657295483966452,0.29619199269862784,0.43807845890472696
412,15,6,chelsea,arsenal,0.4863054096734036,0.2792403133537618,0.2344542769728345
413,15,6,man_city,west_ham,0.12948921569876906,0.15255790049255805,0.7179528838086728
414,15,6,newcastle,watford,0.40585550660914893,0.34996453496407043,0.24417995842678053
415,15,6,stoke,leicester,0.4887119699974025,0.31015245415161113,0.20113557585098624
416,15,6,swansea,everton,0.30912693895920945,0.3186023578493795,0.3722707031914111
417,15,6,liverpool,norwich,0.27988395693917995,0.2806006868799136,0.4395153561809065
418,15,6,southampton,man_united,0.4765296289661168,0.2520625669006465,0.2714078041332368
419,15,6,tottenham,crystal_palace,0.3186519303549059,0.2971772367927836,0.3841708328523105
420,15,7,leicester,arsenal,0.5968244106911494,0.20288203007122727,0.2002935592376233
421,15,7,liverpool,aston_villa,0.25515138952812993,0.2871207183697498,0.45772789210212034
422,15,7,man_united,sunderland,0.13668726633728748,0.19442121378415048,0.668891519878562
423,15,7,newcastle,chelsea,0.4787547746821894,0.2880286104031619,0.23321661491464882
424,15,7,southampton,swansea,0.3398620789364257,0.32133454495330693,0.3388033761102675
425,15,7,stoke,bournemouth,0.4000461024001572,0.3126943352328889,0.2872595623669538
426,15,7,tottenham,man_city,0.46902296087842504,0.2509365324249136,0.2800405066966615
427,15,7,west_ham,norwich,0.5284307849474801,0.2659100658818101,0.2056591491707097
428,15,7,watford,crystal_palace,0.37791603451478234,0.3175569689042584,0.3045269965809593
429,15,7,west_brom,everton,0.4283922095922107,0.26933671491671507,0.30227107549107424
430,15,8,aston_villa,stoke,0.45776430963944303,0.2717330724292995,0.27050261793125757
431,15,8,bournemouth,watford,0.3124152869344838,0.27863760632504436,0.40894710674047174
432,15,8,chelsea,southampton,0.31972472170107236,0.2997192423253208,0.38055603597360677
433,15,8,crystal_palace,west_brom,0.320248216569625,0.2963099966222696,0.3834417868081054
434,15,8,man_city,newcastle,0.14200839601246362,0.21913397069117316,0.6388576332963632
435,15,8,norwich,leicester,0.40547966473236735,0.3052307678448344,0.2892895674227982
436,15,8,sunderland,west_ham,0.4318127166313378,0.3449965629165628,0.22319072045209948
437,15,8,arsenal,man_united,0.24063043421505503,0.2646202934358907,0.49474927234905425
438,15,8,everton,liverpool,0.35885875920670074,0.28464241090724923,0.35649882988605
439,15,8,swansea,tottenham,0.3185217260122975,0.31383187030908555,0.3676464036786169
440,15,9,chelsea,aston_villa,0.20212392172515786,0.32379957008716204,0.4740765081876801
441,15,9,crystal_palace,west_ham,0.42714028485002464,0.3085873845772472,0.2642723305727282
442,15,9,everton,man_united,0.49463996204656924,0.2656194890105812,0.2397405489428497
443,15,9,man_city,bournemouth,0.13152061716268432,0.20050974731418872,0.6679696355231269
444,15,9,southampton,leicester,0.3391525679106394,0.2878559353113872,0.3729914967779735
445,15,9,tottenham,liverpool,0.2879687522123223,0.3045726936014523,0.40745855418622534
446,15,9,watford,arsenal,0.6227045506822196,0.2311524464433609,0.1461430028744194
447,15,9,west_brom,sunderland,0.26744384829713724,0.2700463918761372,0.46250975982672554
448,15,9,newcastle,norwich,0.368416563845923,0.29066356080426065,0.3409198753498163
449,15,9,swansea,stoke,0.38719392402066316,0.30415071841870633,0.3086553575606304
450,15,10,arsenal,everton,0.18187566295311008,0.18662154693623542,0.6315027901106545
451,15,10,aston_villa,swansea,0.3934883044095122,0.3312292184393002,0.2752824771511876
452,15,10,leicester,crystal_palace,0.4058593954732231,0.3149270398037882,0.2792135647229887
453,15,10,norwich,west_brom,0.3174700603069815,0.2917034994926543,0.39082644020036433
454,15,10,stoke,watford,0.3409015071803365,0.3104246697060027,0.3486738231136609
455,15,10,west_ham,chelsea,0.3860512058008323,0.2683130521240831,0.34563574207508463
456,15,10,bournemouth,tottenham,0.4175979266426249,0.316179258842355,0.26622281451502006
457,15,10,liverpool,southampton,0.2821941267289494,0.28403548633965225,0.43377038693139824
